ID;Rank1;Rank2;Rank3;Rank4;Rank5;Decision
ABBV;0.22034;0.19161;0.17136;0.18718;0.22951;0.0025
ACN;0.25129;0.17817;0.14185;0.15995;0.26874;0.0025
AEP;0.19578;0.19629;0.18642;0.21075;0.21076;0.0025
AIZ;0.21703;0.1869;0.17296;0.19351;0.2296;0.0025
ALLE;0.22515;0.17225;0.14911;0.19973;0.25376;0.0025
AMAT;0.29079;0.13665;0.09964;0.13122;0.3417;0.0025
AMP;0.24231;0.15829;0.1292;0.1864;0.2838;0.0025
AMZN;0.32695;0.13159;0.08429;0.09747;0.3597;0.0025
AVB;0.22887;0.18493;0.16235;0.18189;0.24196;0.0025
AVY;0.2242;0.17445;0.15197;0.19892;0.25046;0.0025
AXP;0.24688;0.16224;0.13826;0.1773;0.27532;0.0025
BDX;0.19721;0.19965;0.19112;0.20764;0.20438;0.0025
BF-B;0.24999;0.19253;0.14939;0.15849;0.2496;0.0025
BMY;0.22784;0.19075;0.17041;0.17996;0.23104;0.0025
BR;0.22627;0.1939;0.16629;0.18145;0.23209;0.0025
CARR;0.24599;0.15959;0.12257;0.1854;0.28645;0.0025
CDW;0.22522;0.18156;0.16369;0.1872;0.24233;0.0025
CE;0.25129;0.1542;0.11424;0.18059;0.29968;0.0025
CHTR;0.25543;0.1513;0.11514;0.17344;0.30469;0.0025
CNC;0.22459;0.17901;0.16275;0.18888;0.24477;0.0025
CNP;0.20796;0.18379;0.16663;0.21099;0.23063;0.0025
COP;0.29745;0.13595;0.09238;0.12683;0.34739;0.0025
CTAS;0.2277;0.17862;0.162;0.18669;0.24499;0.0025
CZR;0.34656;0.07918;0.04362;0.06173;0.46891;0.0025
DG;0.2697;0.18453;0.13261;0.1401;0.27306;0.0025
DPZ;0.28767;0.2033;0.12334;0.11948;0.26621;-0.0025
DRE;0.2528;0.19183;0.14828;0.1569;0.25019;0.0025
DXC;0.29762;0.1432;0.1064;0.12263;0.33015;0.0025
META;0.30886;0.11075;0.06814;0.11023;0.40202;0.0025
FTV;0.2293;0.17374;0.15078;0.19544;0.25074;0.0025
GOOG;0.26759;0.18812;0.13472;0.14152;0.26805;0.0025
GPC;0.23161;0.18736;0.16643;0.17841;0.23619;0.0025
HIG;0.20151;0.18983;0.18128;0.21144;0.21594;0.0025
HST;0.28398;0.12937;0.08993;0.1445;0.35222;0.0025
JPM;0.2352;0.16752;0.13871;0.19132;0.26725;0.0025
KR;0.23668;0.17598;0.15084;0.18152;0.25498;0.0025
OGN;0.25267;0.16343;0.12947;0.17154;0.28289;0.0025
PG;0.20467;0.19643;0.17935;0.20127;0.21828;0.0025
PPL;0.17066;0.20879;0.20458;0.23145;0.18452;0.0025
PRU;0.2278;0.17344;0.15495;0.1923;0.25151;0.0025
PYPL;0.33181;0.09779;0.05442;0.08292;0.43306;0.0025
RE;0.22572;0.19396;0.17279;0.18138;0.22615;0.0025
ROL;0.22213;0.18035;0.16516;0.19232;0.24004;0.0025
ROST;0.26938;0.14915;0.11566;0.15063;0.31518;0.0025
UNH;0.22259;0.1851;0.1667;0.18818;0.23743;0.0025
URI;0.27695;0.13921;0.09818;0.14782;0.33784;0.0025
V;0.22923;0.17598;0.15878;0.18461;0.2514;0.0025
VRSK;0.24525;0.1811;0.14797;0.16574;0.25994;0.0025
WRK;0.24979;0.15777;0.12533;0.17942;0.28769;0.0025
XOM;0.26316;0.15831;0.1296;0.15878;0.29015;0.0025
IVV;0.03993;0.25982;0.36361;0.30568;0.03096;0.0025
IWM;0.19558;0.21324;0.19656;0.20357;0.19105;0.0025
EWU;0.02402;0.24914;0.38266;0.32466;0.01952;0.0025
EWG;0.15113;0.2189;0.22134;0.24679;0.16184;0.0025
EWL;0.03052;0.26137;0.3741;0.3103;0.02371;0.0025
EWQ;0.13952;0.22613;0.22881;0.25523;0.15031;0.0025
IEUS;0.14403;0.22606;0.22736;0.25017;0.15238;0.0025
EWJ;0.02542;0.27814;0.37679;0.30216;0.01749;0.0025
EWT;0.17418;0.24753;0.20546;0.20754;0.16529;0.0025
MCHI;0.27314;0.1894;0.13495;0.13808;0.26443;0.0025
INDA;0.17432;0.25554;0.20486;0.20113;0.16415;-0.0025
EWY;0.13722;0.23633;0.22466;0.25314;0.14865;0.0025
EWA;0.13848;0.22548;0.23479;0.2579;0.14335;0.0025
EWH;0.11185;0.27275;0.26697;0.25289;0.09554;0.0025
EWZ;0.25137;0.16078;0.13074;0.16932;0.28779;0.0025
EWC;0.06765;0.26344;0.31354;0.29788;0.05749;0.0025
IEMG;0.11175;0.26957;0.27841;0.24851;0.09176;0.0025
LQD;0.12734;0.2896;0.24925;0.2286;0.10521;-0.0025
HYG;0.05126;0.30603;0.33501;0.27221;0.03549;0.0025
SHY;0.14576;0.2976;0.23271;0.20235;0.12158;-0.0025
IEF;0.16566;0.27012;0.21513;0.19962;0.14947;-0.0025
TLT;0.17073;0.25;0.20658;0.20685;0.16584;0.0025
SEGA.L;0.09506;0.33501;0.27317;0.2248;0.07196;-0.0025
IEAA.L;0.15928;0.28608;0.21713;0.19621;0.1413;-0.0025
HIGH.L;0.1045;0.3081;0.2669;0.23635;0.08415;-0.0025
JPEA.L;0.11475;0.30269;0.26447;0.22828;0.08981;-0.0025
IAU;0.23042;0.22652;0.17149;0.16205;0.20952;-0.0025
SLV;0.20203;0.22936;0.19241;0.18746;0.18874;0.0025
GSG;0.24008;0.17804;0.15507;0.17286;0.25395;0.0025
REET;0.03111;0.2643;0.37112;0.31043;0.02304;0.0025
ICLN;0.25152;0.18335;0.15;0.16154;0.25359;0.0025
IXN;0.22121;0.19293;0.17522;0.1874;0.22324;0.0025
IGF;0.01407;0.24147;0.4123;0.32165;0.01051;0.0025
IUVL.L;0.16285;0.23236;0.21485;0.22548;0.16446;0.0025
IUMO.L;0.19251;0.23396;0.1957;0.19473;0.1831;0.0025
SPMV.L;0.05023;0.27792;0.35033;0.28446;0.03706;0.0025
IEVL.L;0.02623;0.2557;0.37173;0.32486;0.02148;0.0025
IEFM.L;0.18366;0.24331;0.20299;0.19898;0.17106;0.0025
MVEU.L;0.03;0.29539;0.36651;0.28775;0.02035;0.0025
XLK;0.22294;0.18898;0.17401;0.18809;0.22598;0.0025
XLF;0.05593;0.26458;0.33076;0.3019;0.04683;0.0025
XLV;0.03106;0.26996;0.37159;0.30516;0.02223;0.0025
XLE;0.25687;0.16154;0.12759;0.16518;0.28882;0.0025
XLY;0.2497;0.18153;0.1506;0.16374;0.25443;0.0025
XLI;0.03836;0.26582;0.3666;0.30022;0.029;0.0025
XLC;0.17358;0.22694;0.20867;0.21744;0.17337;0.0025
XLU;0.03681;0.26265;0.34354;0.32605;0.03095;0.0025
XLP;0.11334;0.25627;0.25653;0.26441;0.10945;0.0025
XLB;0.10479;0.24214;0.26663;0.27995;0.10649;0.0025
VXX;0.3498;0.09706;0.0588;0.07306;0.42128;0.0025
