ID;Rank1;Rank2;Rank3;Rank4;Rank5;Decision
ABBV;0.23;0.17943;0.14528;0.18999;0.2553;0.0025
ACN;0.22047;0.18563;0.15352;0.1988;0.24158;0.0025
AEP;0.21222;0.1908;0.16322;0.20371;0.23005;0.0025
AIZ;0.25113;0.1658;0.12434;0.17156;0.28717;0.0025
ALLE;0.2459;0.18178;0.13626;0.18035;0.25571;0.0025
AMAT;0.29348;0.15516;0.09736;0.14227;0.31173;0.0025
AMP;0.26598;0.18211;0.12339;0.15875;0.26977;0.0025
AMZN;0.31396;0.12767;0.07258;0.1181;0.36769;0.0025
AVB;0.23613;0.17819;0.13944;0.18464;0.2616;0.0025
AVY;0.23789;0.18211;0.14063;0.18637;0.253;0.0025
AXP;0.2264;0.18704;0.14988;0.19334;0.24334;0.0025
BDX;0.2091;0.18844;0.16442;0.20591;0.23213;0.0025
BF-B;0.21703;0.18524;0.15711;0.20169;0.23893;0.0025
BMY;0.21483;0.18745;0.15962;0.20336;0.23474;0.0025
BR;0.24204;0.17466;0.13367;0.1795;0.27013;0.0025
CARR;0.24339;0.18207;0.1377;0.18086;0.25598;0.0025
CDW;0.20368;0.19639;0.17186;0.21011;0.21796;0.0025
CE;0.26931;0.16023;0.10841;0.15672;0.30533;0.0025
CHTR;0.28103;0.1594;0.10234;0.14854;0.30869;0.0025
CNC;0.24675;0.17465;0.13028;0.17675;0.27157;0.0025
CNP;0.22668;0.19336;0.15401;0.18832;0.23763;0.0025
COP;0.28779;0.1437;0.09145;0.1406;0.33646;0.0025
CTAS;0.20792;0.19486;0.16762;0.20735;0.22225;0.0025
CZR;0.35691;0.09023;0.0433;0.08241;0.42715;0.0025
DG;0.23512;0.17004;0.13712;0.18626;0.27146;0.0025
DPZ;0.25256;0.16712;0.12297;0.17295;0.2844;0.0025
DRE;0.16871;0.32304;0.23035;0.17156;0.10634;0.0025
DXC;0.31071;0.12449;0.0719;0.11752;0.37538;0.0025
META;0.34702;0.11815;0.05831;0.09715;0.37937;0.0025
FTV;0.21589;0.19127;0.16022;0.20149;0.23113;0.0025
GOOG;0.26686;0.15676;0.11096;0.16008;0.30534;0.0025
GPC;0.23628;0.18534;0.14273;0.18238;0.25327;0.0025
HIG;0.21043;0.19122;0.16373;0.20581;0.22881;0.0025
HST;0.25517;0.17;0.12148;0.16904;0.28431;0.0025
JPM;0.24073;0.18893;0.14078;0.17822;0.25134;0.0025
KR;0.21506;0.18817;0.15857;0.2014;0.2368;0.0025
OGN;0.27668;0.16938;0.11066;0.14672;0.29656;0.0025
PG;0.15737;0.22405;0.21081;0.2406;0.16717;0.0025
PPL;0.20567;0.19406;0.16946;0.20879;0.22202;0.0025
PRU;0.21436;0.19052;0.16037;0.20322;0.23153;0.0025
PYPL;0.3006;0.14135;0.08733;0.13301;0.33771;0.0025
RE;0.23729;0.18872;0.14449;0.18048;0.24902;0.0025
ROL;0.22657;0.18297;0.14835;0.19279;0.24932;0.0025
ROST;0.28578;0.14437;0.09496;0.14365;0.33124;0.0025
UNH;0.20743;0.19035;0.16603;0.2077;0.22849;0.0025
URI;0.26784;0.16765;0.11562;0.16225;0.28664;0.0025
V;0.2067;0.19365;0.16717;0.2084;0.22408;0.0025
VRSK;0.23978;0.18053;0.13912;0.18452;0.25605;0.0025
WRK;0.25878;0.16737;0.11753;0.16777;0.28855;0.0025
XOM;0.24476;0.17185;0.12955;0.17747;0.27637;0.0025
IVV;0.0364;0.24251;0.41908;0.27056;0.03145;0.0025
IWM;0.15421;0.23141;0.21525;0.23899;0.16014;0.0025
EWU;0.12104;0.27129;0.26181;0.24076;0.1051;0.0025
EWG;0.21643;0.21379;0.16887;0.18979;0.21112;0.0025
EWL;0.03653;0.24544;0.41922;0.26854;0.03027;0.0025
EWQ;0.15637;0.24446;0.21554;0.22854;0.15509;0.0025
IEUS;0.2209;0.21938;0.16827;0.18332;0.20813;0.0025
EWJ;0.04061;0.24618;0.40523;0.27374;0.03424;0.0025
EWT;0.20336;0.21128;0.17872;0.20289;0.20375;0.0025
MCHI;0.25355;0.16749;0.12469;0.17121;0.28306;0.0025
INDA;0.15104;0.23665;0.24614;0.23134;0.13483;0.0025
EWY;0.21148;0.21899;0.17501;0.19166;0.20286;0.0025
EWA;0.05917;0.26026;0.36703;0.26483;0.04871;0.0025
EWH;0.20983;0.19448;0.16755;0.20528;0.22286;0.0025
EWZ;0.24009;0.17841;0.13715;0.18026;0.26409;0.0025
EWC;0.04753;0.26055;0.39542;0.26024;0.03626;0.0025
IEMG;0.12972;0.24539;0.23881;0.25488;0.1312;0.0025
LQD;0.0961;0.28222;0.30223;0.24444;0.07501;0.0025
HYG;0.14259;0.25212;0.23064;0.23802;0.13663;0.0025
SHY;0.08685;0.28121;0.32302;0.24384;0.06508;0.0025
IEF;0.13889;0.2543;0.25075;0.23202;0.12404;0.0025
TLT;0.21125;0.20835;0.17209;0.19699;0.21132;0.0025
SEGA.L;0.24126;0.18431;0.14111;0.18247;0.25085;0.0025
IEAA.L;0.18518;0.23196;0.1965;0.20935;0.17701;0.0025
HIGH.L;0.16727;0.22021;0.20657;0.23376;0.17219;0.0025
JPEA.L;0.03476;0.25104;0.4288;0.25871;0.02669;0.0025
IAU;0.21526;0.21958;0.17285;0.18809;0.20422;0.0025
SLV;0.22864;0.1999;0.15702;0.18645;0.22799;0.0025
GSG;0.2383;0.21446;0.15457;0.16957;0.2231;0.0025
REET;0.14808;0.25393;0.22542;0.2313;0.14127;0.0025
ICLN;0.2085;0.18548;0.16669;0.21107;0.22826;0.0025
IXN;0.20231;0.20242;0.17563;0.20932;0.21032;0.0025
IGF;0.05316;0.26078;0.38052;0.2626;0.04294;0.0025
IUVL.L;0.11491;0.26288;0.26179;0.2565;0.10392;0.0025
IUMO.L;0.10737;0.2534;0.27322;0.26583;0.10018;0.0025
SPMV.L;0.03346;0.24813;0.43254;0.25993;0.02594;0.0025
IEVL.L;0.13812;0.24788;0.23278;0.24499;0.13623;0.0025
IEFM.L;0.04174;0.24049;0.40067;0.27786;0.03924;0.0025
MVEU.L;0.07943;0.27086;0.32577;0.26077;0.06317;0.0025
XLK;0.20398;0.19975;0.17288;0.20926;0.21413;0.0025
XLF;0.15647;0.23845;0.21447;0.23218;0.15843;0.0025
XLV;0.11398;0.23045;0.26713;0.26252;0.12592;0.0025
XLE;0.2334;0.18645;0.14413;0.1843;0.25172;0.0025
XLY;0.22266;0.18781;0.15372;0.19548;0.24033;0.0025
XLI;0.17012;0.22731;0.20917;0.22537;0.16803;0.0025
XLC;0.19549;0.19765;0.17877;0.21602;0.21207;0.0025
XLU;0.20223;0.20947;0.17908;0.2041;0.20512;0.0025
XLP;0.09505;0.24155;0.30525;0.27115;0.087;0.0025
XLB;0.15788;0.23666;0.22659;0.2289;0.14997;0.0025
VXX;0.30081;0.13394;0.08206;0.13031;0.35288;0.0025
