ID;Rank1;Rank2;Rank3;Rank4;Rank5;Decision
ABBV;0.23847;0.18669;0.1548;0.18072;0.23932;0.0025
ACN;0.25759;0.15304;0.11439;0.17335;0.30163;0.0025
AEP;0.22232;0.19052;0.16037;0.19328;0.23351;0.0025
AIZ;0.22436;0.18085;0.15438;0.1954;0.24501;0.0025
ALLE;0.24527;0.15803;0.12262;0.18296;0.29112;0.0025
AMAT;0.30406;0.15595;0.09903;0.13558;0.30538;0.0025
AMP;0.25653;0.15527;0.11695;0.17411;0.29714;0.0025
AMZN;0.27102;0.15937;0.11396;0.16297;0.29268;0.0025
AVB;0.18368;0.20267;0.17776;0.21904;0.21685;0.0025
AVY;0.25185;0.16601;0.12672;0.17365;0.28177;0.0025
AXP;0.27219;0.16333;0.118;0.15877;0.28771;0.0025
BDX;0.22027;0.19314;0.17245;0.19531;0.21883;0.0025
BF-B;0.21119;0.19964;0.17795;0.2035;0.20772;0.0025
BMY;0.23632;0.19374;0.15791;0.18339;0.22864;0.0025
BR;0.24557;0.1559;0.11931;0.17961;0.29961;0.0025
CARR;0.26201;0.15737;0.11646;0.16784;0.29632;0.0025
CDW;0.25576;0.15369;0.1146;0.17383;0.30212;0.0025
CE;0.2578;0.14787;0.10973;0.17252;0.31208;0.0025
CHTR;0.25758;0.14433;0.10499;0.17065;0.32245;0.0025
CNC;0.27823;0.14897;0.09913;0.15303;0.32064;0.0025
CNP;0.22976;0.17809;0.14727;0.19028;0.2546;0.0025
COP;0.30847;0.14706;0.09157;0.12948;0.32342;0.0025
CTAS;0.23769;0.18159;0.15058;0.18243;0.24771;0.0025
CZR;0.33308;0.10942;0.05184;0.09909;0.40657;0.0025
DG;0.24164;0.16792;0.13306;0.18295;0.27443;0.0025
DPZ;0.28294;0.14269;0.09123;0.14732;0.33582;0.0025
DRE;0.23316;0.17884;0.14968;0.18754;0.25078;0.0025
DXC;0.2971;0.15337;0.10141;0.1422;0.30592;0.0025
META;0.31329;0.11346;0.05813;0.111;0.40412;0.0025
FTV;0.23656;0.17676;0.14313;0.1855;0.25805;0.0025
GOOG;0.2494;0.16291;0.12675;0.18065;0.28029;0.0025
GPC;0.23051;0.18336;0.15591;0.18764;0.24258;0.0025
HIG;0.22363;0.18078;0.14985;0.19481;0.25093;0.0025
HST;0.26796;0.15593;0.11373;0.16517;0.29721;0.0025
JPM;0.25374;0.15961;0.12269;0.17581;0.28815;0.0025
KR;0.29735;0.15308;0.09031;0.13429;0.32497;0.0025
OGN;0.28372;0.15991;0.10647;0.14931;0.30059;0.0025
PG;0.18832;0.20608;0.18495;0.21402;0.20663;0.0025
PPL;0.17837;0.21624;0.19415;0.21638;0.19486;0.0025
PRU;0.25313;0.15803;0.12208;0.1774;0.28936;0.0025
PYPL;0.30376;0.06417;0.02562;0.07361;0.53284;0.0025
RE;0.24831;0.16702;0.13289;0.17825;0.27353;0.0025
ROL;0.26388;0.15622;0.1108;0.16438;0.30472;0.0025
ROST;0.26927;0.13959;0.09436;0.15746;0.33932;0.0025
UNH;0.25648;0.16004;0.11914;0.17371;0.29063;0.0025
URI;0.26914;0.1477;0.10304;0.16138;0.31874;0.0025
V;0.2514;0.15196;0.11498;0.17609;0.30557;0.0025
VRSK;0.23345;0.1741;0.14241;0.18906;0.26098;0.0025
WRK;0.2655;0.16312;0.1218;0.165;0.28458;0.0025
XOM;0.28286;0.16807;0.11578;0.14825;0.28504;0.0025
IVV;0.01445;0.23488;0.46714;0.27133;0.0122;0.0025
IWM;0.15992;0.22454;0.20898;0.2277;0.17886;0.0025
EWU;0.11713;0.24654;0.24732;0.25502;0.13399;0.0025
EWG;0.14583;0.2345;0.22428;0.23729;0.1581;0.0025
EWL;0.0972;0.28091;0.2942;0.25712;0.07057;0.0025
EWQ;0.16095;0.22371;0.20901;0.22711;0.17922;0.0025
IEUS;0.11905;0.2435;0.25052;0.256;0.13093;0.0025
EWJ;0.19766;0.28947;0.2221;0.19773;0.09304;0.0025
EWT;0.16176;0.27044;0.23704;0.22501;0.10575;0.0025
MCHI;0.24189;0.18438;0.15006;0.18106;0.24261;0.0025
INDA;0.1226;0.25613;0.24473;0.24893;0.12761;0.0025
EWY;0.17553;0.22778;0.20359;0.22427;0.16883;0.0025
EWA;0.06478;0.25737;0.29687;0.30082;0.08016;0.0025
EWH;0.08773;0.25341;0.27486;0.28367;0.10033;0.0025
EWZ;0.26017;0.17598;0.13237;0.17214;0.25934;0.0025
EWC;0.09097;0.25236;0.26922;0.27622;0.11123;0.0025
IEMG;0.09684;0.27928;0.28489;0.25951;0.07948;0.0025
LQD;0.17548;0.30229;0.23343;0.20915;0.07965;0.0025
HYG;0.13026;0.33736;0.27738;0.20998;0.04502;0.0025
SHY;0.16122;0.33011;0.24872;0.20336;0.05659;0.0025
IEF;0.14389;0.30033;0.24907;0.2307;0.07601;0.0025
TLT;0.17472;0.26812;0.22106;0.22401;0.11209;0.0025
SEGA.L;0.17505;0.33775;0.24573;0.18971;0.05176;0.0025
IEAA.L;0.22218;0.32707;0.21934;0.17154;0.05987;0.0025
HIGH.L;0.09737;0.34414;0.29933;0.22376;0.0354;0.0025
JPEA.L;0.07505;0.33549;0.31993;0.23672;0.03281;0.0025
IAU;0.2236;0.22845;0.1852;0.19994;0.16281;0.0025
SLV;0.23646;0.21791;0.17551;0.18562;0.1845;0.0025
GSG;0.30036;0.21282;0.14285;0.14953;0.19444;0.0025
REET;0.01886;0.26314;0.42776;0.2763;0.01394;0.0025
ICLN;0.28666;0.18388;0.12599;0.15222;0.25125;0.0025
IXN;0.22632;0.19614;0.16939;0.19192;0.21623;0.0025
IGF;0.05975;0.28778;0.32536;0.27808;0.04903;0.0025
IUVL.L;0.07919;0.25684;0.2919;0.27977;0.0923;0.0025
IUMO.L;0.16608;0.22371;0.21015;0.22844;0.17162;0.0025
SPMV.L;0.03017;0.26965;0.40637;0.27276;0.02105;0.0025
IEVL.L;0.12735;0.2394;0.23411;0.24795;0.15119;0.0025
IEFM.L;0.47175;0.16095;0.05937;0.06664;0.24129;0.0025
MVEU.L;0.04221;0.29647;0.36983;0.26501;0.02648;0.0025
XLK;0.22462;0.19286;0.16721;0.19121;0.2241;0.0025
XLF;0.15713;0.22619;0.2106;0.22893;0.17715;0.0025
XLV;0.08429;0.28111;0.29464;0.27476;0.0652;0.0025
XLE;0.26946;0.17997;0.12824;0.15643;0.2659;0.0025
XLY;0.1937;0.20598;0.18854;0.21003;0.20175;0.0025
XLI;0.01124;0.22908;0.46478;0.28321;0.01169;0.0025
XLC;0.10358;0.25286;0.26795;0.26277;0.11284;0.0025
XLU;0.0794;0.29071;0.29316;0.27603;0.0607;0.0025
XLP;0.03552;0.26887;0.37007;0.29425;0.03129;0.0025
XLB;0.11256;0.25367;0.2637;0.2574;0.11267;0.0025
VXX;0.52072;0.08337;0.02087;0.03348;0.34156;0.0025
